Best voltages with wrong spectra:

'''
voltages = array([  2.89289619e-01,   5.93110404e+00,  -7.55427542e+00,
        -1.38344514e+01,   1.30660552e+01,  -1.37383120e+01,
        -1.67412611e+00,  -2.02288229e+01,   7.40624540e-01,
        -3.02765861e-02,  -2.48357905e-02,   2.93324517e-01,
         1.33152992e+01,   1.32997926e+02,  -3.23105837e+01,
        -9.11095793e+01,  -3.10307228e+01,   1.20596960e+02,
         4.67489974e+01,  -4.04917630e+00,  -3.51592798e-02,
         2.43874883e-01,  -1.38340965e+00]) 


voltages = array([ -1.34757378e-01,   5.65093887e+00,  -7.72520821e+00,
        -1.38364113e+01,   1.35220294e+01,  -1.37089943e+01,
        -2.06473871e+00,  -1.99470952e+01,   3.67980498e-01,
        -3.20101141e-01,   9.15208352e-02,   3.38764140e-01,
         1.32004546e+01,   1.33242035e+02,  -3.19442262e+01,
        -9.15161655e+01,  -3.08252424e+01,   1.20334318e+02,
         4.70947926e+01,  -3.80097704e+00,  -8.05656841e-02,
         1.13792584e-01,  -1.35300343e+00])


voltages = array([  1.74788997,   9.30096605,  -0.8508863 ,  -6.57534306,
        -1.63698074,  -6.81955757,   7.06163724, -16.86523245,
         2.37382844,   0.43042592,   0.45640153,   2.09045659,
        14.99141833,   3.6447417 , -18.71867052,   1.96812558,
       -13.4770534 , -16.28393295,  41.16865732,  -3.18055228,
         1.20547745,   0.32380181,  -2.3713156 ])
voltages = array([-1.2693320319590775, 3.4211560569066224, -11.562582128034261, -16.639524615910744, 5.9420141405945763, -16.911312647552137, -5.9897547753504119, -24.679597735594012, -2.4180837365240464, -3.335225379539998, 0.63467465211547369, -3.594265856553351, 9.9803088295383109, 99.54436680808594, -34.093441717706845, -93.714040202402614, -32.112059969544809, 91.844426283914729, 44.454760018634374, -6.9744862350359078, -3.3669779359323511, -3.1586892822200943, -4.3832945049415812])

voltages = array([0.62224694791000557, 6.7261701171362889, -4.7413899941239137, -12.371883841867502, 8.2652856745073251, -12.410719471029884, -1.3555381072411445, -17.977524517218747, 0.72010307713260013, 1.3686015895037813, -0.065764316533445319, 0.24460222730665057, 16.104541276539841, 112.2835602612621, -26.319141601981123, -89.974627557143947, -33.069974614071143, 114.72746702345493, 49.704660786535918, -4.1189112850948328, -0.85370952646440745, 1.7937855269225469, -1.3226943692012061])

voltages = array( [0.34588885186177226, 0.67391308538259154, 3.2589891588177431, 1.9551748006554202, -5.6927468010733833, 1.80660534125701, 3.2335285787603092, 0.55197962227896091, 0.25861478212324529, 0.18235296170525073, 0.016231455307103664, 0.40837929847844046, 0.41887273864518715, 0.78388312520090797, -1.7859527428308017, -1.6979478471308784, -1.4137235469980403, 0.56120227317453231, 0.37438732843104194, 0.27348451584056616, 0.19600916961951695, -0.068764889685689723, 0.16430349140513148] )
'''
#cost = 1.2
voltages = [-0.41246844137032057, 0.75784899724653398, 2.6239941464977776, 2.2773192103694999, -5.638222693803475, 1.1849164274280815, 4.150980053374945, 0.87346596493567719, -0.43907928293056414, -0.30682660143740415, -0.0080353261724152719, 0.69655705370602206, -0.20533655462947287, 0.24457173320476389, -1.5280481751035531, -2.4393425699769438, -1.4279146342422937, 0.50733538307680281, -0.1333891598284303, -0.2626650648539115, 0.41675632323903739, -0.24230087172716849, 0.11907975908761846]
